data *
task *
period
surface conducting % make upper surface boundary conducting or insulating
root xy_ufb101a
matrix
criterion 0.95
model
execute
1.11610E-04 1.48066E+01 2.17835E-01 4.43971E+01 4.21468E-01 0 1
4.46430E-04 1.68203E+01 7.55114E-01 4.40432E+01 1.28609E+00 1 1
6.25000E-04 1.66504E+01 1.14215E+00 4.56961E+01 1.96513E+00 1 1
1.25000E-03 3.59522E+01 1.96690E+00 4.57915E+01 1.56729E+00 1 1
2.23210E-03 3.24760E+01 6.36418E-02 4.71880E+01 5.61400E-02 1 1
3.12500E-03 3.12439E+01 5.64292E-02 4.63772E+01 5.17406E-02 1 1
4.46430E-03 3.06278E+01 8.01846E-02 4.55971E+01 7.50011E-02 1 1
6.25000E-03 3.05239E+01 7.74602E-02 4.38177E+01 7.26995E-02 1 1
8.92860E-03 2.99274E+01 9.73142E-02 4.19029E+01 9.31536E-02 1 1
1.25000E-02 3.10090E+01 8.58746E-02 3.93398E+01 7.93359E-02 1 1
1.78570E-02 3.13823E+01 2.03907E-01 3.57897E+01 1.86140E-01 1 1
2.50000E-02 3.67805E+01 1.77882E-01 3.49511E+01 1.38550E-01 1 1
3.57140E-02 4.12375E+01 2.74602E-01 3.35957E+01 1.90767E-01 1 1
5.00000E-02 4.63527E+01 3.96103E-01 3.27617E+01 2.44808E-01 1 1
7.14290E-02 5.22100E+01 8.60634E-01 3.24428E+01 4.72234E-01 1 1
1.00000E-01 5.23763E+01 1.57927E+00 3.38794E+01 8.63803E-01 1 1
1.42860E-01 4.97229E+01 2.56742E+00 3.75513E+01 1.47922E+00 1 1
2.00000E-01 5.48760E+01 4.79479E-01 4.23712E+01 2.50311E-01 1 1
2.85710E-01 6.30438E+01 7.62642E-01 4.63503E+01 3.46554E-01 1 1
4.00000E-01 6.37022E+01 8.05811E-01 5.28370E+01 3.62386E-01 1 1
5.71430E-01 5.90887E+01 9.00751E-01 6.02031E+01 4.36710E-01 1 1
8.00000E-01 5.03951E+01 6.85691E-01 6.63568E+01 3.89792E-01 1 1
1.14290E+00 4.21826E+01 9.31577E-01 6.83622E+01 6.32671E-01 1 1
1.60000E+00 3.08739E+01 8.41496E-01 7.10028E+01 7.80824E-01 1 1
2.28570E+00 2.33071E+01 1.11085E+00 7.34568E+01 1.36540E+00 1 1
3.20000E+00 1.55864E+01 6.36989E-01 7.43145E+01 1.17079E+00 1 1
4.57140E+00 1.28925E+01 9.98403E-01 7.29056E+01 2.21851E+00 1 1
6.40000E+00 9.06639E+00 8.28865E-01 7.34035E+01 2.61904E+00 1 1
9.14290E+00 7.23981E+00 7.44135E-01 6.98834E+01 2.94454E+00 0 1
1.28000E+01 6.63254E+00 4.11565E-01 6.87762E+01 1.77767E+00 0 1
1.82860E+01 5.65050E+00 3.03481E-01 6.51091E+01 1.53864E+00 0 1
2.56000E+01 5.04794E+00 2.18464E-01 6.02495E+01 1.23982E+00 0 1
3.65710E+01 5.29791E+00 2.25978E-01 5.67985E+01 1.22195E+00 0 1
5.12000E+01 5.03683E+00 2.23798E-01 5.36475E+01 1.27289E+00 0 1
7.31430E+01 4.91156E+00 2.55423E-01 5.66886E+01 1.48982E+00 0 1
1.02400E+02 4.56543E+00 3.24176E-01 5.11918E+01 2.03419E+00 0 1
1.46290E+02 4.35415E+00 4.73488E-01 4.84654E+01 3.11529E+00 0 1
2.04800E+02 2.94062E+00 4.19158E-01 4.51769E+01 4.08349E+00 0 1
2.92570E+02 4.42433E+00 3.80710E-01 4.09610E+01 2.46513E+00 0 1
4.09600E+02 3.56321E+00 3.40440E-01 4.25150E+01 2.73711E+00 0 1
5.85140E+02 2.65026E+00 7.43473E-01 5.04714E+01 8.03654E+00 0 1
0

1.11610E-04 rho phi
4.46430E-04 rho phi
6.25000E-04 rho phi
1.25000E-03 rho phi
2.23210E-03 rho phi
3.12500E-03 rho phi
4.46430E-03 rho phi
6.25000E-03 rho phi
8.92860E-03 rho phi
1.25000E-02 rho phi
1.78570E-02 rho phi
2.50000E-02 rho phi
3.57140E-02 rho phi
5.00000E-02 rho phi
7.14290E-02 rho phi
1.00000E-01 rho phi
1.42860E-01 rho phi
2.00000E-01 rho phi
2.85710E-01 rho phi
4.00000E-01 rho phi
5.71430E-01 rho phi
8.00000E-01 rho phi
1.14290E+00 rho phi
1.60000E+00 rho phi
2.28570E+00 rho phi
3.20000E+00 rho phi
4.57140E+00 rho phi
6.40000E+00 rho phi
9.14290E+00 rho phi
1.28000E+01 rho phi
1.82860E+01 rho phi
2.56000E+01 rho phi
3.65710E+01 rho phi
5.12000E+01 rho phi
7.31430E+01 rho phi
1.02400E+02 rho phi
1.46290E+02 rho phi
2.04800E+02 rho phi
2.92570E+02 rho phi
4.09600E+02 rho phi
5.85140E+02 rho phi
0