data *
task *
period
surface conducting % make upper surface boundary conducting or insulating
root yx_ufb101a
matrix
criterion 0.95
model
execute
1.11610E-04 1.67159E+01 2.50301E-01 4.70980E+01 4.28969E-01 1 1
4.46430E-04 2.72270E+01 8.47963E-01 4.60390E+01 8.92215E-01 1 1
6.25000E-04 3.10136E+01 1.47968E+00 4.72280E+01 1.36681E+00 1 1
1.25000E-03 3.10109E+01 2.56219E+00 4.37050E+01 2.36695E+00 1 1
2.23210E-03 3.09401E+01 9.37109E-02 4.72090E+01 8.67683E-02 1 1
3.12500E-03 2.99007E+01 5.75184E-02 4.59170E+01 5.51084E-02 1 1
4.46430E-03 3.05688E+01 9.76827E-02 4.48620E+01 9.15444E-02 1 1
6.25000E-03 2.98537E+01 6.92158E-02 4.32850E+01 6.64201E-02 1 1
8.92860E-03 3.06266E+01 7.43209E-02 4.11760E+01 6.95192E-02 1 1
1.25000E-02 3.24555E+01 9.19386E-02 3.82900E+01 8.11526E-02 1 1
1.78570E-02 3.30212E+01 1.71124E-01 3.52240E+01 1.48460E-01 1 1
2.50000E-02 3.73485E+01 1.24003E-01 3.44900E+01 9.51158E-02 1 1
3.57140E-02 4.15258E+01 1.79105E-01 3.34150E+01 1.23561E-01 1 1
5.00000E-02 4.64539E+01 1.88706E-01 3.26790E+01 1.16374E-01 1 1
7.14290E-02 5.46856E+01 3.58193E-01 3.21860E+01 1.87645E-01 1 1
1.00000E-01 6.05088E+01 7.71748E-01 3.25310E+01 3.65384E-01 1 1
1.42860E-01 6.66682E+01 1.64005E+00 3.41810E+01 7.04744E-01 1 1
2.00000E-01 6.07549E+01 2.61159E-01 4.01650E+01 1.23145E-01 1 1
2.85710E-01 7.40853E+01 4.07047E-01 4.37950E+01 1.57400E-01 1 1
4.00000E-01 7.60520E+01 4.19469E-01 4.99730E+01 1.58009E-01 1 1
5.71430E-01 7.31727E+01 5.07399E-01 5.64050E+01 1.98652E-01 1 1
8.00000E-01 5.94002E+01 4.30106E-01 6.32320E+01 2.07434E-01 1 1
1.14290E+00 4.68252E+01 5.76244E-01 6.84880E+01 3.52549E-01 1 1
1.60000E+00 3.91143E+01 5.20702E-01 7.09080E+01 3.81370E-01 1 1
2.28570E+00 2.41265E+01 7.73356E-01 7.32050E+01 9.18286E-01 1 1
3.20000E+00 1.75107E+01 7.95570E-01 7.50420E+01 1.30157E+00 1 1
4.57140E+00 1.46597E+01 1.64722E+00 7.83760E+01 3.21898E+00 1 1
6.40000E+00 9.96286E+00 9.25703E-01 7.37840E+01 2.66183E+00 1 1
9.14290E+00 1.15187E+01 8.63833E-01 7.67990E+01 2.14842E+00 0 1
1.28000E+01 8.16877E+00 3.59002E-01 6.98090E+01 1.25902E+00 1 1
1.82860E+01 7.87837E+00 2.40335E-01 6.67570E+01 8.73923E-01 1 1
2.56000E+01 5.98546E+00 1.06502E-01 6.13630E+01 5.09745E-01 1 1
3.65710E+01 5.73409E+00 1.22216E-01 5.68640E+01 6.10599E-01 1 1
5.12000E+01 5.46887E+00 7.44325E-02 5.44360E+01 3.89904E-01 1 1
7.31430E+01 5.74128E+00 1.17132E-01 5.36180E+01 5.84465E-01 1 1
1.02400E+02 5.93278E+00 2.74674E-01 5.23310E+01 1.32633E+00 1 1
1.46290E+02 5.60639E+00 4.30258E-01 5.54070E+01 2.19856E+00 0 1
2.04800E+02 4.34485E+00 5.12610E-01 5.97510E+01 3.37991E+00 0 1
2.92570E+02 4.57333E+00 2.56283E-01 6.03980E+01 1.60539E+00 0 1
4.09600E+02 4.28196E+00 2.27617E-01 6.82030E+01 1.52284E+00 0 1
5.85140E+02 4.08844E+00 4.20059E-01 7.29370E+01 2.94337E+00 0 1
0

1.11610E-04 rho phi
4.46430E-04 rho phi
6.25000E-04 rho phi
1.25000E-03 rho phi
2.23210E-03 rho phi
3.12500E-03 rho phi
4.46430E-03 rho phi
6.25000E-03 rho phi
8.92860E-03 rho phi
1.25000E-02 rho phi
1.78570E-02 rho phi
2.50000E-02 rho phi
3.57140E-02 rho phi
5.00000E-02 rho phi
7.14290E-02 rho phi
1.00000E-01 rho phi
1.42860E-01 rho phi
2.00000E-01 rho phi
2.85710E-01 rho phi
4.00000E-01 rho phi
5.71430E-01 rho phi
8.00000E-01 rho phi
1.14290E+00 rho phi
1.60000E+00 rho phi
2.28570E+00 rho phi
3.20000E+00 rho phi
4.57140E+00 rho phi
6.40000E+00 rho phi
9.14290E+00 rho phi
1.28000E+01 rho phi
1.82860E+01 rho phi
2.56000E+01 rho phi
3.65710E+01 rho phi
5.12000E+01 rho phi
7.31430E+01 rho phi
1.02400E+02 rho phi
1.46290E+02 rho phi
2.04800E+02 rho phi
2.92570E+02 rho phi
4.09600E+02 rho phi
5.85140E+02 rho phi
0