data *
task *
period
surface conducting % make upper surface boundary conducting or insulating
root xy_bor600a
matrix
criterion 0.95
model
execute
1.11610E-04 7.72998E+00 6.29636E-02 1.19067E+01 2.33348E-01 0 1
2.23210E-04 1.42804E+01 1.40594E-01 -1.99609E+01 2.82046E-01 0 0
3.12500E-04 3.62528E+01 3.59058E-01 -2.04974E+01 2.83737E-01 0 0
4.46430E-04 6.98579E+01 9.42573E-01 -1.13772E+01 3.86538E-01 0 0
6.25000E-04 1.05948E+02 1.58431E+00 -2.93230E+00 4.28390E-01 0 0
8.92860E-04 1.45979E+02 2.80528E+00 4.01152E+00 5.50527E-01 0 1
1.25000E-03 2.08498E+02 3.37820E+00 9.78670E+00 4.64169E-01 0 1
1.56250E-03 2.45643E+02 1.41671E-01 1.25057E+01 1.65223E-02 0 1
2.23210E-03 3.01424E+02 2.15630E-01 1.65422E+01 2.04939E-02 0 1
3.12500E-03 3.48023E+02 4.42232E-01 1.93336E+01 3.64028E-02 0 1
4.46430E-03 3.97018E+02 1.44910E+00 1.22405E+01 1.04564E-01 0 1
6.25000E-03 5.82814E+02 1.23202E+00 1.21911E+00 6.05591E-02 0 1
8.92860E-03 6.39880E+02 3.71915E+00 6.32814E+00 1.66509E-01 0 1
1.25000E-02 1.30201E+03 4.89305E+00 4.05787E+00 1.07661E-01 0 1
2.50000E-02 1.77154E+03 2.25461E+01 2.30245E+01 3.64597E-01 0 1
3.57140E-02 1.56446E+03 2.47613E+01 3.19437E+01 4.53421E-01 0 1
5.00000E-02 1.45639E+03 2.49430E+01 3.85906E+01 4.90640E-01 0 1
7.14290E-02 1.26062E+03 2.91025E+01 4.76046E+01 6.61362E-01 0 1
1.00000E-01 1.06510E+03 3.27845E+01 5.20999E+01 8.81801E-01 0 1
1.42860E-01 8.25884E+02 2.75090E+01 5.59031E+01 9.54221E-01 0 1
2.00000E-01 5.85412E+02 2.88261E+01 5.70709E+01 1.41064E+00 0 1
2.85710E-01 5.78664E+02 2.93955E+00 5.79810E+01 1.45528E-01 0 1
4.00000E-01 5.01687E+02 3.77664E+00 5.62352E+01 2.15658E-01 0 1
5.71430E-01 4.46732E+02 5.37294E+00 5.31044E+01 3.44554E-01 0 1
8.00000E-01 4.18612E+02 5.42861E+00 5.14275E+01 3.71509E-01 0 1
1.14290E+00 4.27818E+02 1.13593E+01 4.77233E+01 7.60652E-01 0 1
1.60000E+00 4.17305E+02 1.36226E+01 4.55160E+01 9.35190E-01 0 1
2.28570E+00 4.08082E+02 8.63269E+00 4.70042E+01 6.06026E-01 0 1
3.20000E+00 4.23768E+02 3.77622E+00 4.71355E+01 2.55283E-01 0 1
4.57140E+00 4.31969E+02 5.65859E+00 4.86379E+01 3.75274E-01 0 1
6.40000E+00 4.08433E+02 2.47687E+01 5.38080E+01 1.73730E+00 0 1
1.28000E+01 1.07170E+02 2.64083E+01 5.06873E+01 7.05926E+00 1 1
1.82860E+01 9.46806E+01 3.76258E+01 4.45786E+01 1.13846E+01 0 1
2.56000E+01 8.50061E+01 2.81527E+01 6.04380E+01 9.48775E+00 0 1
3.65710E+01 2.26356E+02 1.33629E+01 5.38940E+01 1.69122E+00 0 1
7.31430E+01 2.07782E+02 6.45460E+00 5.63385E+01 8.89927E-01 0 1
1.02400E+02 1.86998E+02 5.29920E+00 5.42446E+01 8.11832E-01 0 1
1.46290E+02 1.83569E+02 7.18484E+00 5.45391E+01 1.12127E+00 0 1
2.04800E+02 1.59106E+02 6.46557E+00 5.67571E+01 1.16416E+00 0 1
2.92570E+02 1.70903E+02 7.32300E+00 5.29887E+01 1.22753E+00 0 1
4.09600E+02 1.27012E+02 6.26976E+00 5.67730E+01 1.41416E+00 0 1
5.85140E+02 1.43702E+02 1.16215E+01 5.88238E+01 2.31682E+00 0 1
0

1.11610E-04 rho phi
2.23210E-04 rho phi
3.12500E-04 rho phi
4.46430E-04 rho phi
6.25000E-04 rho phi
8.92860E-04 rho phi
1.25000E-03 rho phi
1.56250E-03 rho phi
2.23210E-03 rho phi
3.12500E-03 rho phi
4.46430E-03 rho phi
6.25000E-03 rho phi
8.92860E-03 rho phi
1.25000E-02 rho phi
2.50000E-02 rho phi
3.57140E-02 rho phi
5.00000E-02 rho phi
7.14290E-02 rho phi
1.00000E-01 rho phi
1.42860E-01 rho phi
2.00000E-01 rho phi
2.85710E-01 rho phi
4.00000E-01 rho phi
5.71430E-01 rho phi
8.00000E-01 rho phi
1.14290E+00 rho phi
1.60000E+00 rho phi
2.28570E+00 rho phi
3.20000E+00 rho phi
4.57140E+00 rho phi
6.40000E+00 rho phi
1.28000E+01 rho phi
1.82860E+01 rho phi
2.56000E+01 rho phi
3.65710E+01 rho phi
7.31430E+01 rho phi
1.02400E+02 rho phi
1.46290E+02 rho phi
2.04800E+02 rho phi
2.92570E+02 rho phi
4.09600E+02 rho phi
5.85140E+02 rho phi
0