data *
task *
period
surface conducting % make upper surface boundary conducting or insulating
root yx_bor600a
matrix
criterion 0.95
model
execute
1.11610E-04 1.47750E+02 7.56494E-01 1.75110E+01 1.46680E-01 0 1
2.23210E-04 1.68467E+02 1.94637E+00 1.83740E+01 3.30981E-01 0 1
3.12500E-04 2.21449E+02 2.67696E+00 1.78140E+01 3.46306E-01 0 1
4.46430E-04 3.57067E+02 4.02066E+00 1.75980E+01 3.22582E-01 0 1
6.25000E-04 4.88205E+02 3.23021E+00 1.88400E+01 1.89549E-01 0 1
8.92860E-04 6.11594E+02 5.02048E+00 1.96330E+01 2.35166E-01 0 1
1.25000E-03 7.67691E+02 5.27980E+00 2.06570E+01 1.97026E-01 0 1
1.56250E-03 8.66600E+02 4.94225E-01 2.16440E+01 1.63380E-02 0 1
2.23210E-03 1.05532E+03 6.44006E-01 2.21120E+01 1.74823E-02 0 1
3.12500E-03 1.25642E+03 9.55871E-01 2.24150E+01 2.17950E-02 0 1
4.46430E-03 1.48226E+03 3.70521E+00 2.21250E+01 7.16113E-02 0 1
6.25000E-03 1.75147E+03 1.20323E+01 1.92070E+01 1.96806E-01 0 1
8.92860E-03 1.66550E+03 2.40021E+01 1.86760E+01 4.12854E-01 0 1
1.25000E-02 2.39571E+03 5.59484E+01 1.74860E+01 6.69031E-01 0 1
2.50000E-02 3.96343E+03 3.22525E+01 3.48500E+01 2.33123E-01 0 1
3.57140E-02 3.98083E+03 3.60879E+01 4.12600E+01 2.59705E-01 0 1
5.00000E-02 3.77037E+03 3.90826E+01 4.65330E+01 2.96956E-01 0 1
7.14290E-02 3.38335E+03 4.11239E+01 5.32040E+01 3.48209E-01 0 1
1.00000E-01 2.51734E+03 5.16410E+01 5.80820E+01 5.87686E-01 0 1
1.42860E-01 2.27561E+03 4.59498E+01 5.96380E+01 5.78467E-01 0 1
2.00000E-01 1.69703E+03 6.34588E+01 5.84900E+01 1.07126E+00 0 1
2.85710E-01 1.63107E+03 6.64803E+00 6.45650E+01 1.16765E-01 0 1
4.00000E-01 1.33650E+03 5.36226E+00 6.51960E+01 1.14940E-01 0 1
5.71430E-01 1.10531E+03 7.10842E+00 6.48430E+01 1.84239E-01 0 1
8.00000E-01 9.68122E+02 6.12182E+00 6.45130E+01 1.81152E-01 0 1
1.14290E+00 8.52821E+02 1.33755E+01 6.29340E+01 4.49309E-01 0 1
1.60000E+00 7.19953E+02 1.93673E+01 6.28440E+01 7.70650E-01 0 1
2.28570E+00 5.52057E+02 2.12553E+01 6.25850E+01 1.10300E+00 0 1
3.20000E+00 2.80203E+02 3.49066E+00 6.35370E+01 3.56884E-01 0 1
4.57140E+00 2.11112E+02 4.02323E+00 6.21210E+01 5.45952E-01 0 1
6.40000E+00 2.05352E+02 3.27802E+01 6.51750E+01 4.57304E+00 0 1
1.28000E+01 1.65704E+02 2.40828E+01 6.03320E+01 4.16358E+00 1 1
1.82860E+01 1.97451E+02 3.44728E+01 5.79200E+01 5.00161E+00 0 1
2.56000E+01 2.21273E+02 2.83771E+01 6.05130E+01 3.67394E+00 0 1
3.65710E+01 1.66303E+02 6.59909E+00 4.95630E+01 1.13678E+00 0 1
7.31430E+01 1.96767E+02 4.14034E+00 4.25650E+01 6.02804E-01 0 1
1.02400E+02 2.36355E+02 3.99158E+00 4.06250E+01 4.83807E-01 0 1
1.46290E+02 2.73335E+02 6.41909E+00 4.14070E+01 6.72777E-01 0 1
2.04800E+02 2.98942E+02 6.17762E+00 4.46750E+01 5.92007E-01 0 1
2.92570E+02 3.06508E+02 7.10168E+00 4.89150E+01 6.63761E-01 0 1
4.09600E+02 2.95630E+02 8.51632E+00 5.41560E+01 8.25270E-01 0 1
5.85140E+02 2.06733E+02 1.53655E+01 5.95000E+01 2.12926E+00 0 1
0

1.11610E-04 rho phi
2.23210E-04 rho phi
3.12500E-04 rho phi
4.46430E-04 rho phi
6.25000E-04 rho phi
8.92860E-04 rho phi
1.25000E-03 rho phi
1.56250E-03 rho phi
2.23210E-03 rho phi
3.12500E-03 rho phi
4.46430E-03 rho phi
6.25000E-03 rho phi
8.92860E-03 rho phi
1.25000E-02 rho phi
2.50000E-02 rho phi
3.57140E-02 rho phi
5.00000E-02 rho phi
7.14290E-02 rho phi
1.00000E-01 rho phi
1.42860E-01 rho phi
2.00000E-01 rho phi
2.85710E-01 rho phi
4.00000E-01 rho phi
5.71430E-01 rho phi
8.00000E-01 rho phi
1.14290E+00 rho phi
1.60000E+00 rho phi
2.28570E+00 rho phi
3.20000E+00 rho phi
4.57140E+00 rho phi
6.40000E+00 rho phi
1.28000E+01 rho phi
1.82860E+01 rho phi
2.56000E+01 rho phi
3.65710E+01 rho phi
7.31430E+01 rho phi
1.02400E+02 rho phi
1.46290E+02 rho phi
2.04800E+02 rho phi
2.92570E+02 rho phi
4.09600E+02 rho phi
5.85140E+02 rho phi
0